%YAML:1.0
---
type: IMU
name: simulation_imu
Gyr:
   unit: " rad/s"
   avg-axis:
      gyr_n: 4.2576736824281730e-01
      gyr_w: 4.1849687392491322e-03
   x-axis:
      gyr_n: 4.3022230841070541e-01
      gyr_w: 3.8716557739784134e-03
   y-axis:
      gyr_n: 4.2380209812805059e-01
      gyr_w: 4.5595847522908991e-03
   z-axis:
      gyr_n: 4.2327769818969585e-01
      gyr_w: 4.1236656914780852e-03
Acc:
   unit: " m/s^2"
   avg-axis:
      acc_n: 5.5971879183197915e-01
      acc_w: 6.9698850832608716e-03
   x-axis:
      acc_n: 5.5892771044578182e-01
      acc_w: 6.9241162206269856e-03
   y-axis:
      acc_n: 5.5119918409089108e-01
      acc_w: 7.2539238036578510e-03
   z-axis:
      acc_n: 5.6902948095926431e-01
      acc_w: 6.7316152254977774e-03
