%YAML:1.0
---
type: IMU
name: simulation_imu
Gyr:
   unit: " rad/s"
   avg-axis:
      gyr_n: 2.1202393168867359e-01
      gyr_w: 7.7947266215844019e-04
   x-axis:
      gyr_n: 2.0764487779044441e-01
      gyr_w: 7.6914264271261100e-04
   y-axis:
      gyr_n: 2.1111474097313054e-01
      gyr_w: 9.5995255211535444e-04
   z-axis:
      gyr_n: 2.1731217630244584e-01
      gyr_w: 6.0932279164735512e-04
Acc:
   unit: " m/s^2"
   avg-axis:
      acc_n: 2.7119107200471859e-01
      acc_w: 3.4424286499161847e-03
   x-axis:
      acc_n: 2.6653666412798283e-01
      acc_w: 3.5917467270855439e-03
   y-axis:
      acc_n: 2.7471160853452553e-01
      acc_w: 3.2523189081765610e-03
   z-axis:
      acc_n: 2.7232494335164747e-01
      acc_w: 3.4832203144864494e-03
